$ANSIBLE_VAULT;1.1;AES256
34636334376438363061396639343030373831396633656237636136336233616566323531336263
3733396539386365306666323338396631636237353266340a353566346363343461396162653264
36623162373365616235396130336162343239356136336462363130326637643039386563333864
6532373832353233610a353535393335633436363961373234633035393362666234393138323562
65376466646434356338666339343931336665396134636138393930616635666432373138656536
32643466326163663237666134623236633731393739323834396566366365613161636437353835
65343065316662336563386138393361616330346465646432636162383236643736653837386239
32306566306263373031333339653264323139306461633132643061313038313964346534613533
63363061346137333232636364336437313631656464666233313165376261323763633631663430
61383465303233326331653837383563656333613263303735346362306634653530383666646562
36626335633735366631643064656566343932656437643039353537653833333063323764316562
31363364366435336335313438633731386262663737333635363431646665326361303033343163
37623366356131613733313533326435353261306263323563353439633336353666393634666633
35313330363166333863376265363864633333396234623333376330323663333538303433376233
30623931663832356334626133633332643937336533373435653165636339336437353630333232
33386431666431386365663837613131333435313939633835663735343164663766396638343464
33623935306665343835376334306464303638326366363031333062633232333831643665636262
34333138613266353430623536613737626333343431336633623832393865326131323963356330
30323434376530653737646264376337326339353131366539346531393538623366343831383166
65653731653463333233663231663539383334616637373365306633633133353162623964316331
35643361313830383135393132346561356539353563623266663364353035653535653938663235
62373162643332363565363639633261326437313366653538346564326231653863303238633737
37303034643432396130326164323562623636653466383434303839363966333762623261363733
30356234303361663662373931386161646366393463333332383162393536643833636430333130
65633362336431306535343233353731353462393661396331656361396237306264313066303663
37363935623766666631643739653632303133353361326537386266303233623032633263336266
33326361643766653538353535363062333439623565643534383635353731373131383632366161
37663431363862343936663134656433373032356238393164313266633466323065303731663564
64303938653233323939376633373639303134373630666436633861346431303938386630616365
64343335393962623861626666643939653139643861393834383636336232626531313935613266
66303234333038313030333435376139363361653365633836643134373063376165373339376237
30313832613761376232633766343365376230646137356165636631613130323531613063313666
66316234633736373839333563646336343035616538633062346265366563313334313637366364
39333439653135376164363134623163373632663961303862346332646138613262306135656430
33643764616331396238623763616163306562353061376562393162663533396230643739303166
35383737313938653661323539303339656265666561623963623730316465613032613261303438
35656337613862663138386265313232316637363330343464353037616138396535326334663161
35373836663864316533643862373930613966363431356530343661613330326164663838343661
61326639626633633233343164626433323961326262303237393530663231653563363836373437
35616263366165373637643666383338313938646534623331366130333266393166333930633037
32373631323931623339343565373034373136656262636438333539623730303665333934313934
33616337386661613666336161316664663137343965386335656165303232393966663139306633
35376339623066386137336566636662333761333761363338646334396630353532616537613230
65393463353230353666653366366234313462623739333139613462346534626365343432666337
61633764346436306562323233303962303936653263313934346537663863666161643261636637
33636562346137623637636232386265623532306332643335646139323963353865313038376436
66393438373934346130663564306666363434343834653735613732346436366139393031383739
65383766643362333039646630336232633161323662313235383434303530363839333161636461
65643461633837326531663835376631323165333866343762393233323363323462343937343833
31306433323334663963313938363266623937643862326530323634366138393136363135626435
39653836366634616430633237333934633337623938383839616232386531333532323930376263
63333630376431353133303538653562663466363965323231323437366261396133326236306130
3630
